1.000E-03 2.134E+02
1.500E-03 2.450E+02
2.000E-03 2.733E+02
2.500E-03 2.991E+02
3.000E-03 3.230E+02
4.000E-03 3.623E+02
5.000E-03 3.982E+02
6.000E-03 4.310E+02
7.000E-03 4.612E+02
8.000E-03 4.888E+02
9.000E-03 5.142E+02
1.000E-02 5.380E+02
1.250E-02 5.859E+02
1.500E-02 6.266E+02
1.750E-02 6.621E+02
2.000E-02 6.937E+02
2.250E-02 7.217E+02
2.500E-02 7.466E+02
2.750E-02 7.687E+02
3.000E-02 7.884E+02
3.500E-02 8.228E+02
4.000E-02 8.518E+02
4.500E-02 8.757E+02
5.000E-02 8.946E+02
5.500E-02 9.088E+02
6.000E-02 9.190E+02
6.500E-02 9.259E+02
7.000E-02 9.298E+02
7.500E-02 9.313E+02
8.000E-02 9.306E+02
8.500E-02 9.281E+02
9.000E-02 9.239E+02
9.500E-02 9.185E+02
1.000E-01 9.119E+02
1.250E-01 8.679E+02
1.500E-01 8.155E+02
1.750E-01 7.629E+02
2.000E-01 7.137E+02
2.250E-01 6.690E+02
2.500E-01 6.292E+02
2.750E-01 5.940E+02
3.000E-01 5.627E+02
3.500E-01 5.082E+02
4.000E-01 4.637E+02
4.500E-01 4.280E+02
5.000E-01 3.993E+02
5.500E-01 3.757E+02
6.000E-01 3.550E+02
6.500E-01 3.370E+02
7.000E-01 3.209E+02
7.500E-01 3.065E+02
8.000E-01 2.936E+02
8.500E-01 2.818E+02
9.000E-01 2.711E+02
9.500E-01 2.612E+02
1.000E+00 2.522E+02
1.250E+00 2.159E+02
1.500E+00 1.897E+02
1.750E+00 1.697E+02
2.000E+00 1.540E+02
2.250E+00 1.412E+02
2.500E+00 1.305E+02
2.750E+00 1.215E+02
3.000E+00 1.138E+02
3.500E+00 1.012E+02
4.000E+00 9.137E+01
4.500E+00 8.341E+01
5.000E+00 7.684E+01
5.500E+00 7.132E+01
6.000E+00 6.660E+01
6.500E+00 6.252E+01
7.000E+00 5.896E+01
7.500E+00 5.581E+01
8.000E+00 5.301E+01
8.500E+00 5.051E+01
9.000E+00 4.825E+01
9.500E+00 4.621E+01
1.000E+01 4.434E+01
1.250E+01 3.704E+01
1.500E+01 3.196E+01
1.750E+01 2.820E+01
2.000E+01 2.530E+01
2.500E+01 2.111E+01
2.750E+01 1.954E+01
3.000E+01 1.821E+01
3.500E+01 1.608E+01
4.000E+01 1.444E+01
4.500E+01 1.314E+01
5.000E+01 1.208E+01
5.500E+01 1.120E+01
6.000E+01 1.046E+01
6.500E+01 9.828E+00
7.000E+01 9.278E+00
7.500E+01 8.797E+00
8.000E+01 8.372E+00
8.500E+01 7.994E+00
9.000E+01 7.656E+00
9.500E+01 7.351E+00
1.000E+02 7.075E+00
1.250E+02 6.010E+00
1.500E+02 5.285E+00
1.750E+02 4.759E+00
2.000E+02 4.360E+00
2.250E+02 4.047E+00
2.500E+02 3.796E+00
2.750E+02 3.589E+00
3.000E+02 3.417E+00
3.500E+02 3.146E+00
4.000E+02 2.943E+00
4.500E+02 2.787E+00
5.000E+02 2.663E+00
5.500E+02 2.563E+00
6.000E+02 2.480E+00
6.500E+02 2.412E+00
7.000E+02 2.355E+00
7.500E+02 2.306E+00
8.000E+02 2.264E+00
8.500E+02 2.228E+00
9.000E+02 2.196E+00
9.500E+02 2.168E+00
1.000E+03 2.143E+00
1.500E+03 2.004E+00
2.000E+03 1.956E+00
2.500E+03 1.940E+00
3.000E+03 1.938E+00 
4.000E+03 1.951E+00
5.000E+03 1.971E+00
6.000E+03 1.993E+00
7.000E+03 2.013E+00
8.000E+03 2.033E+00
9.000E+03 2.051E+00
1.000E+04 2.068E+00
