1.000e-03 1.769e+02
1.500e-03 1.984e+02
2.000e-03 2.184e+02
2.500e-03 2.370e+02
3.000e-03 2.544e+02
4.000e-03 2.864e+02
5.000e-03 3.153e+02
6.000e-03 3.420e+02
7.000e-03 3.667e+02
8.000e-03 3.900e+02
9.000e-03 4.120e+02
1.000e-02 4.329e+02
1.250e-02 4.745e+02
1.500e-02 5.110e+02
1.750e-02 5.437e+02
2.000e-02 5.733e+02
2.250e-02 6.001e+02
2.500e-02 6.245e+02
2.750e-02 6.467e+02
3.000e-02 6.671e+02
3.500e-02 7.028e+02
4.000e-02 7.324e+02
4.500e-02 7.569e+02
5.000e-02 7.768e+02
5.500e-02 7.927e+02
6.000e-02 8.050e+02
6.500e-02 8.142e+02
7.000e-02 8.205e+02
7.500e-02 8.243e+02
8.000e-02 8.260e+02
8.500e-02 8.258e+02
9.000e-02 8.239e+02
9.500e-02 8.206e+02
1.000e-01 8.161e+02
1.250e-01 7.814e+02
1.500e-01 7.371e+02
1.750e-01 6.969e+02
2.000e-01 6.613e+02
2.250e-01 6.294e+02
2.500e-01 6.006e+02
2.750e-01 5.744e+02
3.000e-01 5.504e+02
3.500e-01 5.080e+02
4.000e-01 4.719e+02
4.500e-01 4.406e+02
5.000e-01 4.132e+02
5.500e-01 3.891e+02
6.000e-01 3.680e+02
6.500e-01 3.492e+02
7.000e-01 3.325e+02
7.500e-01 3.175e+02
8.000e-01 3.039e+02
8.500e-01 2.917e+02
9.000e-01 2.805e+02
9.500e-01 2.702e+02
1.000e+00 2.608e+02
1.250e+00 2.229e+02
1.500e+00 1.957e+02
1.750e+00 1.749e+02
2.000e+00 1.586e+02
2.250e+00 1.454e+02
2.500e+00 1.344e+02
2.750e+00 1.251e+02
3.000e+00 1.172e+02
3.500e+00 1.042e+02
4.000e+00 9.404e+01
4.500e+00 8.586e+01
5.000e+00 7.911e+01
5.500e+00 7.343e+01
6.000e+00 6.858e+01
6.500e+00 6.438e+01
7.000e+00 6.071e+01
7.500e+00 5.747e+01
8.000e+00 5.460e+01
8.500e+00 5.202e+01
9.000e+00 4.969e+01
9.500e+00 4.759e+01
1.000e+01 4.567e+01
1.250e+01 3.815e+01
1.500e+01 3.292e+01
1.750e+01 2.905e+01
2.000e+01 2.607e+01
2.500e+01 2.175e+01
2.750e+01 2.013e+01
3.000e+01 1.876e+01
3.500e+01 1.656e+01
4.000e+01 1.488e+01
4.500e+01 1.354e+01
5.000e+01 1.245e+01
5.500e+01 1.154e+01
6.000e+01 1.078e+01
6.500e+01 1.013e+01
7.000e+01 9.559e+00
7.500e+01 9.063e+00
8.000e+01 8.625e+00
8.500e+01 8.236e+00
9.000e+01 7.888e+00
9.500e+01 7.573e+00
1.000e+02 7.289e+00
1.250e+02 6.192e+00
1.500e+02 5.445e+00
1.750e+02 4.903e+00
2.000e+02 4.492e+00
2.250e+02 4.170e+00
2.500e+02 3.911e+00
2.750e+02 3.698e+00
3.000e+02 3.520e+00
3.500e+02 3.241e+00
4.000e+02 3.032e+00
4.500e+02 2.871e+00
5.000e+02 2.743e+00
5.500e+02 2.640e+00
6.000e+02 2.556e+00
6.500e+02 2.485e+00
7.000e+02 2.426e+00
7.500e+02 2.376e+00
8.000e+02 2.333e+00
8.500e+02 2.296e+00
9.000e+02 2.264e+00
9.500e+02 2.236e+00
1.000e+03 2.211e+00
1.500e+03 2.070e+00
2.000e+03 2.021e+00
2.500e+03 2.004e+00
3.000e+03 2.001e+00
4.000e+03 2.012e+00 
5.000e+03 2.031e+00
6.000e+03 2.052e+00
7.000e+03 2.072e+00
8.000e+03 2.091e+00
9.000e+03 2.109e+00
1.000e+04 2.126e+00
